-0 -3.46642 0.0346316 0 0.0720003 0.000527287
-0.0535352 -3.45519 0.034604 0.00113181 0.0717669 0.000576339
-0.106889 -3.44315 0.0346041 0.00226064 0.0715169 0.000629893
-0.160048 -3.43033 0.0346344 0.0033863 0.0712504 0.000688472
-0.213 -3.41671 0.0346976 0.00450862 0.0709675 0.000752657
-0.265732 -3.40232 0.0347969 0.00562743 0.0706683 0.000823103
-0.318231 -3.38715 0.034936 0.00674258 0.0703529 0.000900536
-0.370484 -3.37121 0.0351188 0.00785392 0.0700216 0.000985774
-0.422479 -3.3545 0.0353497 0.00896134 0.0696745 0.00107973
-0.474204 -3.33704 0.0356339 0.0100647 0.0693117 0.00118343
-0.525644 -3.31883 0.0359771 0.011164 0.0689334 0.00129801
-0.576789 -3.29987 0.0363856 0.0122591 0.0685398 0.00142477
-0.627624 -3.28018 0.0368666 0.0133499 0.068131 0.00156515
-0.678138 -3.25976 0.0374284 0.0144365 0.0677072 0.00172077
-0.728318 -3.23862 0.03808 0.0155189 0.0672686 0.00189345
-0.778151 -3.21676 0.0388317 0.0165971 0.0668155 0.00208523
-0.827624 -3.1942 0.0396953 0.0176711 0.0663479 0.00229844
-0.876725 -3.17094 0.0406838 0.0187412 0.0658662 0.00253564
-0.92544 -3.14699 0.041812 0.0198075 0.0653705 0.00279976
-0.973757 -3.12235 0.0430966 0.0208701 0.0648612 0.00309409
-1.02166 -3.09705 0.0445567 0.0219295 0.0643384 0.00342231
-1.06914 -3.07107 0.0462134 0.0229859 0.0638024 0.00378861
-1.11618 -3.04444 0.048091 0.0240397 0.0632534 0.00419769
-1.16277 -3.01717 0.0502167 0.0250914 0.0626919 0.00465484
-1.2089 -2.98925 0.0526215 0.0261416 0.062118 0.00519457
-1.25454 -2.96071 0.0553403 0.0271911 0.0615321 0.00581602
-1.29968 -2.93155 0.0584126 0.0282405 0.0609346 0.00651599
-1.34432 -2.90178 0.0618833 0.0292909 0.0603258 0.00730485
-1.38843 -2.8714 0.0658033 0.0303434 0.0597061 0.00819444
-1.43199 -2.84044 0.07023 0.0313991 0.059076 0.00919821
-1.47499 -2.80891 0.0752289 0.0324596 0.0584359 0.0103315
-1.51741 -2.7768 0.080874 0.0335265 0.0577863 0.0116117
-1.55923 -2.74414 0.0872494 0.0346017 0.0571277 0.0130587
-1.60043 -2.71093 0.0944505 0.0356874 0.0564608 0.0146953
-1.64099 -2.67718 0.102586 0.0367861 0.0557862 0.0165472
-1.68088 -2.64292 0.111778 0.0379005 0.0551046 0.0186439
-1.72008 -2.60814 0.122167 0.0390341 0.0544167 0.021019
-1.75856 -2.57287 0.133912 0.0401903 0.0537234 0.0237109
-1.79628 -2.53711 0.147193 0.0413735 0.0530257 0.0267633
-1.83323 -2.50088 0.162216 0.0425884 0.0523246 0.0302263
-1.86935 -2.4642 0.179214 0.0438404 0.0516213 0.0341568
-1.90462 -2.42707 0.198452 0.0451358 0.0509171 0.0386199
-1.93898 -2.38951 0.220232 0.0464816 0.0502133 0.0436899
-1.97239 -2.35155 0.244897 0.0478858 0.0495118 0.0494518
-2.0048 -2.31318 0.272838 0.0493575 0.0488142 0.0560022
-2.03613 -2.27444 0.304498 0.050907 0.0481227 0.0634516
-2.06633 -2.23535 0.340381 0.0525461 0.0474396 0.0719261
-2.09532 -2.19591 0.381061 0.0542881 0.0467675 0.0815693
-2.12302 -2.15615 0.42719 0.0561483 0.0461095 0.0925451
-2.14932 -2.11609 0.479508 0.0581439 0.0454689 0.10504
-2.17412 -2.07577 0.538857 0.0602945 0.0448497 0.119267
-2.19731 -2.03519 0.606192 0.0626224 0.0442563 0.135466
-2.21873 -1.99439 0.682594 0.065153 0.0436937 0.153913
-2.23824 -1.9534 0.769291 0.0679149 0.0431679 0.174919
-2.25567 -1.91225 0.867674 0.0709408 0.0426854 0.198836
-2.27082 -1.87097 0.979315 0.074268 0.0422541 0.226063
-2.28346 -1.8296 1.10599 0.0779384 0.0418828 0.25705
-2.29334 -1.78819 1.2497 0.0820001 0.0415817 0.292304
-2.30019 -1.74678 1.4127 0.0865072 0.0413629 0.332392
-2.30367 -1.70541 1.59752 0.0915216 0.0412401 0.377951
-2.30343 -1.66415 1.80701 0.097113 0.0412294 0.429689
-2.29906 -1.62305 2.04434 0.103361 0.0413497 0.488389
-2.2901 -1.58218 2.31303 0.110355 0.0416229 0.554917
-2.27604 -1.54162 2.617 0.118198 0.042075 0.630217
-2.25629 -1.50145 2.96058 0.127005 0.0427363 0.715316
